ESTJ
 ESTP
 ESFJ
 ESFP
 ENTJ
 ENTP
 ENFJ
 ENFP
 ISTJ
 ISTP
 ISFJ
 ISFP
 INTJ
 INTP
 INFJ
 INFP
ESTJ
 0.67
ESTP
 0.33
 0.67
ESFJ
 0.83
 0.50
 0.67
ESFP
 0.50
 0.83
 0.33
 0.67
ENTJ
 0.83
 0.50
 1.00
 0.67
 0.67
ENTP
 0.50
 0.83
 0.67
 1.00
 0.33
 0.67
ENFJ
 1.00
 0.67
 0.83
 0.50
 0.83
 0.50
 0.67
ENFP
 0.67
 1.00
 0.50
 0.83
 0.50
 0.83
 0.33
 0.67
ISTJ
 0.50
 0.17
 0.67
 0.33
 0.67
 0.33
 0.83
 0.50
 0.33
ISTP
 0.17
 0.50
 0.33
 0.67
 0.33
 0.67
 0.50
 0.83
 0.00
 0.33
ISFJ
 0.67
 0.33
 0.50
 0.17
 0.83
 0.50
 0.67
 0.33
 0.50
 0.17
 0.33
ISFP
 0.33
 0.67
 0.17
 0.50
 0.50
 0.83
 0.33
 0.67
 0.17
 0.50
 0.00
 0.33
INTJ
 0.67
 0.33
 0.83
 0.50
 0.50
 0.17
 0.67
 0.33
 0.50
 0.17
 0.67
 0.33
 0.33
INTP
 0.33
 0.67
 0.50
 0.83
 0.17
 0.50
 0.33
 0.67
 0.17
 0.50
 0.33
 0.67
 0.00
 0.33
INFJ
 0.83
 0.50
 0.67
 0.33
 0.67
 0.33
 0.50
 0.17
 0.67
 0.33
 0.50
 0.17
 0.50
 0.17
 0.33
INFP
 0.50
 0.83
 0.33
 0.67
 0.33
 0.67
 0.17
 0.50
 0.33
 0.67
 0.17
 0.50
 0.17
 0.50
 0.00
 0.33

